0 0 0 0 -9 -9 
0 0 0 0 -9 -9 
0 0 0 0 -9 -9 
0 0 0 0 -9 -9 
0 0 0 0 -9 -9 
-1 -1 -2 0 -9 -9 
-2 -2 -2 -1 -9 -9 
-1 -1 0 -2 -9 -9 
-1 -1 -1 0 -9 -9 
-1 -1 0 -1 -9 -9 
-1 -1 0 0 -9 -9 
-1 -1 -1 0 -9 -9 
-1 -1 0 -1 -9 -9 
-1 -1 -1 0 -9 -9 
-1 -1 0 -1 -9 -9 
-1 -1 0 0 -9 -9 
-1 -1 -2 0 -9 -9 
-2 -2 -3 -1 -9 -9 
-3 -3 -3 -2 -9 -9 
-1 -1 0 -3 -9 -9 
-1 0 0 0 -9 -9 
-1 -1 -1 0 -9 -9 
-1 0 0 0 0 -9 
-2 -2 -2 -1 -9 -9 
-3 -3 -3 -2 -9 -9 
0 0 0 0 -9 -9 
0 0 0 0 -9 -9 
0 0 0 0 -9 -9 
0 0 0 0 -9 -9 
0 0 0 0 -9 -9 
-1 -1 -2 0 -9 -9 
-2 -2 -2 -1 -9 -9 
-1 -1 0 -2 -9 -9 
-1 -1 -1 0 -9 -9 
-1 -1 0 -1 -9 -9 
-1 -1 0 0 -9 -9 
-1 -1 -1 0 -9 -9 
-1 -1 0 -1 -9 -9 
-1 -1 -1 0 -9 -9 
-1 -1 0 -1 -9 -9 
-1 -1 0 0 -9 -9 
-1 -1 -2 0 -9 -9 
-2 -2 -1 -1 -9 -9 
-1 -1 0 0 -9 -9 
-1 -1 0 -1 -9 -9 
-1 0 0 0 -9 -9 
-1 -1 -2 0 -9 -9 
-2 -2 -3 -1 -2 -9 
-3 -3 -3 -2 -9 -9 
-4 -4 -4 -3 -9 -9 
0 0 0 0 -9 -9 
0 0 0 0 -9 -9 
0 0 0 0 -9 -9 
0 0 0 0 -9 -9 
0 0 0 0 -9 -9 
-1 -1 -1 0 -9 -9 
-1 -1 0 0 -9 -9 
-1 -1 0 -1 -9 -9 
-1 -1 -1 0 -9 -9 
-1 -1 0 -1 -9 -9 
-1 -1 0 0 -9 -9 
-1 -1 -1 0 -9 -9 
-1 -1 0 -1 -9 -9 
-1 -1 -1 0 -9 -9 
-1 -1 0 -1 -9 -9 
-1 -1 0 0 -9 -9 
-1 -1 -2 0 -9 -9 
-2 -2 -3 -1 -9 -9 
-3 -3 -3 -2 -9 -9 
-1 -1 0 -3 -9 -9 
-1 0 0 0 -9 -9 
-1 -1 -2 0 -9 -9 
-2 -2 -3 -1 -2 -9 
-3 -3 -3 -2 -9 -9 
-4 -4 -4 -3 -9 -9 
0 0 0 0 -9 -9 
0 0 0 0 -9 -9 
0 0 0 0 -9 -9 
0 0 0 0 -9 -9 
0 0 0 0 -9 -9 
-1 -1 -2 0 -9 -9 
-2 -2 -2 -1 -9 -9 
-1 -1 0 -2 -9 -9 
-1 -1 -1 0 -9 -9 
-1 -1 0 -1 -9 -9 
-1 -1 0 0 -9 -9 
-1 -1 -1 0 -9 -9 
-1 -1 0 0 -9 -9 
-1 -1 -1 0 -9 -9 
-1 -1 0 -1 -9 -9 
-1 -1 0 0 -9 -9 
-1 -1 -2 0 -9 -9 
-2 -2 -3 -1 -9 -9 
-3 -3 -3 -2 -9 -9 
-1 -1 0 -3 -9 -9 
-1 0 0 0 -9 -9 
-1 -1 -2 0 -9 -9 
-2 -2 -3 -1 -2 -9 
-3 -3 -3 -2 -9 -9 
-4 -4 -4 -3 -9 -9 
0 0 0 0 -9 -9 
0 0 0 0 -9 -9 
0 0 0 0 -9 -9 
0 0 0 0 -9 -9 
0 0 0 0 -9 -9 
-1 -19 -2 0 -9 -9 
-2 -19 -2 -1 -9 -9 
-1 -1 0 -2 -9 -9 
-1 -2 -1 0 -9 -9 
-1 -1 0 -1 -9 -9 
-1 -1 0 0 -9 -9 
-1 -2 -1 0 -9 -9 
-1 -1 0 -1 -9 -9 
-1 -2 -1 0 -9 -9 
-1 -1 0 -1 -9 -9 
-1 -1 0 0 -9 -9 
-1 -19 -2 0 -9 -9 
-2 -19 -1 -1 -9 -9 
-1 0 -1 -2 0 -9 
-1 -1 0 -1 -9 -9 
-1 0 0 0 -9 -9 
-1 -1 -1 0 -9 -9 
-1 0 0 0 -9 -9 
-2 -2 -2 -1 -9 -9 
-3 -3 -3 -2 -9 -9 
0 0 0 0 -9 -9 
0 0 0 0 -9 -9 
0 0 0 0 -9 -9 
0 0 0 0 -9 -9 
0 0 0 0 -9 -9 
-1 -19 -2 0 -9 -9 
-2 -19 -2 -1 -9 -9 
-1 -1 0 -2 -9 -9 
-1 -2 -1 0 -9 -9 
-1 -1 0 -1 -9 -9 
-1 -1 0 0 -9 -9 
-1 -2 -1 0 -9 -9 
-1 -1 0 -1 -9 -9 
-1 -2 -1 0 -9 -9 
-1 -1 0 -1 -9 -9 
-1 -1 0 0 -9 -9 
-1 -2 -2 0 -9 -9 
-2 -1 -1 -1 -9 -9 
-1 0 0 0 0 -9 
-1 -1 0 -1 -9 -9 
-1 0 0 0 -9 -9 
-1 -1 -2 0 -9 -9 
-2 -2 -3 -1 -9 -9 
-3 -3 -3 -2 -9 -9 
-4 -4 -4 -3 -9 -9 
0 0 0 0 -9 -9 
0 0 0 0 -9 -9 
0 0 0 0 -9 -9 
0 0 0 0 -9 -9 
0 0 0 0 -9 -9 
-1 -1 -1 0 -9 -9 
-1 0 0 0 -9 -9 
-1 -1 0 -1 -9 -9 
-1 -2 -1 0 -9 -9 
-1 -1 0 -1 -9 -9 
-1 -1 0 0 -9 -9 
-1 -2 -1 0 -9 -9 
-1 -1 0 -1 -9 -9 
-1 -2 -1 0 -9 -9 
-1 -1 0 -1 -9 -9 
-1 -1 0 0 -9 -9 
-1 -19 -2 0 -9 -9 
-2 -19 -1 -1 -9 -9 
-1 0 -1 -2 0 -9 
-1 -1 0 -1 -9 -9 
-1 0 0 0 -9 -9 
-1 -1 -2 0 -9 -9 
-2 -2 -3 -1 -9 -9 
-3 -3 -3 -2 -9 -9 
-4 -4 -4 -3 -9 -9 
0 0 0 0 -9 -9 
0 0 0 0 -9 -9 
0 0 0 0 -9 -9 
0 0 0 0 -9 -9 
0 0 0 0 -9 -9 
-1 -19 -2 0 -9 -9 
-2 -19 -2 -1 -9 -9 
-1 -1 0 -2 -9 -9 
-1 -2 -1 0 -9 -9 
-1 -1 0 -1 -9 -9 
-1 -1 0 0 -9 -9 
-1 -1 -1 0 -9 -9 
-1 0 0 0 -9 -9 
-1 -2 -1 0 -9 -9 
-1 -1 0 -1 -9 -9 
-1 -1 0 0 -9 -9 
-1 -19 -2 0 -9 -9 
-2 -19 -1 -1 -9 -9 
-1 0 -1 -2 0 -9 
-1 -1 0 -1 -9 -9 
-1 0 0 0 -9 -9 
-1 -1 -2 0 -9 -9 
-2 -2 -3 -1 -9 -9 
-3 -3 -3 -2 -9 -9 
-4 -4 -4 -3 -9 -9 
0 0 0 0 -9 -9 
0 0 0 0 -9 -9 
0 0 0 0 -9 -9 
0 0 0 0 -9 -9 
0 0 0 0 -9 -9 
-1 -19 -1 0 -9 -9 
-1 0 -1 -1 0 -9 
-1 -1 0 -1 -9 -9 
-1 -2 -1 0 -9 -9 
-1 -1 0 -1 -9 -9 
-1 -1 0 0 -9 -9 
-1 -2 -1 0 -9 -9 
-1 -1 0 -1 -9 -9 
-1 -2 -1 0 -9 -9 
-1 -1 0 -1 -9 -9 
-1 -1 0 0 -9 -9 
-1 -19 -2 0 -9 -9 
-2 -19 -3 -1 -9 -9 
-3 -19 -3 -2 -9 -9 
-1 -1 0 -3 -9 -9 
-1 0 0 0 -9 -9 
-1 -1 -1 0 -9 -9 
-1 0 0 0 -9 -9 
-2 -2 -2 -1 -9 -9 
-3 -3 -3 -2 -9 -9 
0 0 0 0 -9 -9 
0 0 0 0 -9 -9 
0 0 0 0 -9 -9 
0 0 0 0 -9 -9 
0 0 0 0 -9 -9 
-1 -19 -1 0 -9 -9 
-1 0 -1 -1 0 -9 
-1 -1 0 -1 -9 -9 
-1 -2 -1 0 -9 -9 
-1 -1 0 -1 -9 -9 
-1 -1 0 0 -9 -9 
-1 -2 -1 0 -9 -9 
-1 -1 0 -1 -9 -9 
-1 -2 -1 0 -9 -9 
-1 -1 0 -1 -9 -9 
-1 -1 0 0 -9 -9 
-1 -2 -2 0 -9 -9 
-2 -1 -1 -1 -9 -9 
-1 0 0 0 -9 -9 
-1 -1 0 -1 -9 -9 
-1 0 0 0 -9 -9 
-1 -1 -2 0 -9 -9 
-2 -2 -3 -1 -9 -9 
-3 -3 -3 -2 -9 -9 
-4 -4 -4 -3 -9 -9 
0 0 0 0 -9 -9 
0 0 0 0 -9 -9 
0 0 0 0 -9 -9 
0 0 0 0 -9 -9 
0 0 0 0 -9 -9 
-1 -1 -1 0 -9 -9 
-1 0 0 0 0 -9 
-1 -1 0 -1 -9 -9 
-1 -2 -1 0 -9 -9 
-1 -1 0 -1 -9 -9 
-1 -1 0 0 -9 -9 
-1 -2 -1 0 -9 -9 
-1 -1 0 -1 -9 -9 
-1 -2 -1 0 -9 -9 
-1 -1 0 -1 -9 -9 
-1 -1 0 0 -9 -9 
-1 -19 -2 0 -9 -9 
-2 -19 -3 -1 -9 -9 
-3 -19 -3 -2 -9 -9 
-1 -1 0 -3 -9 -9 
-1 0 0 0 -9 -9 
-1 -1 -2 0 -9 -9 
-2 -2 -3 -1 -9 -9 
-3 -3 -3 -2 -9 -9 
-4 -4 -4 -3 -9 -9 
0 0 0 0 -9 -9 
0 0 0 0 -9 -9 
0 0 0 0 -9 -9 
0 0 0 0 -9 -9 
0 0 0 0 -9 -9 
-1 -19 -1 0 -9 -9 
-1 0 -1 -1 0 -9 
-1 -1 0 -1 -9 -9 
-1 -2 -1 0 -9 -9 
-1 -1 0 -1 -9 -9 
-1 -1 0 0 -9 -9 
-1 -1 -1 0 -9 -9 
-1 0 0 0 -9 -9 
-1 -2 -1 0 -9 -9 
-1 -1 0 -1 -9 -9 
-1 -1 0 0 -9 -9 
-1 -19 -2 0 -9 -9 
-2 -19 -3 -1 -9 -9 
-3 -19 -3 -2 -9 -9 
-1 -1 0 -3 -9 -9 
-1 0 0 0 -9 -9 
-1 -1 -2 0 -9 -9 
-2 -2 -3 -1 -9 -9 
-3 -3 -3 -2 -9 -9 
-4 -4 -4 -3 -9 -9 
0 0 0 0 -9 -9 
0 0 0 0 -9 -9 
0 0 0 0 -9 -9 
0 0 0 0 -9 -9 
0 0 0 0 -9 -9 
-1 -1 -2 0 -9 -9 
-2 -2 -2 -1 -9 -9 
-1 -1 0 -2 -9 -9 
-1 -1 -1 0 -9 -9 
-1 -1 0 -1 -9 -9 
-1 -1 0 0 -9 -9 
-1 -1 -1 0 -9 -9 
-1 0 0 -1 0 -9 
-1 -1 -1 0 -9 -9 
-1 -1 0 -1 -9 -9 
-1 -1 0 0 -9 -9 
-1 -1 -2 0 -9 -9 
-2 -2 -3 -1 -9 -9 
-3 -3 -3 -2 -9 -9 
-1 -1 0 -3 -9 -9 
-1 0 0 0 -9 -9 
-1 -1 -1 0 -9 -9 
-1 0 0 0 -9 -9 
-2 -2 -2 -1 -9 -9 
-3 -3 -3 -2 -9 -9 
0 0 0 0 -9 -9 
0 0 0 0 -9 -9 
0 0 0 0 -9 -9 
0 0 0 0 -9 -9 
0 0 0 0 -9 -9 
-1 -1 -2 0 -9 -9 
-2 -2 -2 -1 -9 -9 
-1 -1 0 -2 -9 -9 
-1 -1 -1 0 -9 -9 
-1 -1 0 -1 -9 -9 
-1 -1 0 0 -9 -9 
-1 -1 -1 0 -9 -9 
-1 0 0 -1 0 -9 
-1 -1 -1 0 -9 -9 
-1 -1 0 -1 -9 -9 
-1 -1 0 0 -9 -9 
-1 -1 -2 0 -9 -9 
-2 -2 -1 -1 -9 -9 
-1 -1 0 0 -9 -9 
-1 -1 0 -1 -9 -9 
-1 0 0 0 -9 -9 
-1 -1 -2 0 -9 -9 
-2 -2 -3 -1 -9 -9 
-3 -3 -3 -2 -9 -9 
-4 -4 -4 -3 -9 -9 
0 0 0 0 -9 -9 
0 0 0 0 -9 -9 
0 0 0 0 -9 -9 
0 0 0 0 -9 -9 
0 0 0 0 -9 -9 
-1 -1 -1 0 -9 -9 
-1 -1 0 0 -9 -9 
-1 -1 0 -1 -9 -9 
-1 -1 -1 0 -9 -9 
-1 -1 0 -1 -9 -9 
-1 -1 0 0 -9 -9 
-1 -1 -1 0 -9 -9 
-1 0 0 -1 0 -9 
-1 -1 -1 0 -9 -9 
-1 -1 0 -1 -9 -9 
-1 -1 0 0 -9 -9 
-1 -1 -2 0 -9 -9 
-2 -2 -3 -1 -9 -9 
-3 -3 -3 -2 -9 -9 
-1 -1 0 -3 -9 -9 
-1 0 0 0 -9 -9 
-1 -1 -2 0 -9 -9 
-2 -2 -3 -1 -9 -9 
-3 -3 -3 -2 -9 -9 
-4 -4 -4 -3 -9 -9 
0 0 0 0 -9 -9 
0 0 0 0 -9 -9 
0 0 0 0 -9 -9 
0 0 0 0 -9 -9 
0 0 0 0 -9 -9 
-1 -1 -2 0 -9 -9 
-2 -2 -2 -1 -9 -9 
-1 -1 0 -2 -9 -9 
-1 -1 -1 0 -9 -9 
-1 -1 0 -1 -9 -9 
-1 -1 0 0 -9 -9 
-1 -1 -1 0 -9 -9 
-1 0 0 0 0 -9 
-1 -1 -1 0 -9 -9 
-1 -1 0 -1 -9 -9 
-1 -1 0 0 -9 -9 
-1 -1 -2 0 -9 -9 
-2 -2 -3 -1 -9 -9 
-3 -3 -3 -2 -9 -9 
-1 -1 0 -3 -9 -9 
-1 0 0 0 -9 -9 
-1 -1 -2 0 -9 -9 
-2 -2 -3 -1 -9 -9 
-3 -3 -3 -2 -9 -9 
-4 -4 -4 -3 -9 -9 
0 0 0 0 0 -9 
0 0 0 0 0 -9 
0 0 0 0 0 -9 
0 0 0 0 0 -9 
0 0 0 0 0 -9 
-19 -19 -19 -20 -20 -29 
-19 -19 -19 -20 -19 -29 
-1 -1 0 -20 0 -9 
-2 -2 -1 -2 -2 -11 
-1 -1 0 -2 0 -9 
-1 -1 0 0 0 -9 
-2 -2 -1 -2 -2 -11 
-1 -1 0 -2 0 -9 
-2 -2 -1 -2 -2 -11 
-1 -1 0 -2 0 -9 
-1 -1 0 0 0 -9 
-19 -19 -19 -20 -20 -29 
-19 -19 -19 -20 -19 -29 
-19 -19 -19 -20 -19 -29 
-1 -1 0 -20 0 -9 
-1 0 0 0 0 -9 
-1 -1 0 -1 -1 -10 
0 0 0 0 0 1 
-1 -1 -1 0 -1 -10 
-1 0 0 -1 0 -9 
0 0 0 0 0 -9 
0 0 0 0 0 -9 
0 0 0 0 0 -9 
0 0 0 0 0 -9 
0 0 0 0 0 -9 
-19 -19 -19 -20 -20 -29 
-19 -19 -19 -20 -19 -29 
-1 -1 0 -20 0 -9 
-2 -2 -1 -2 -2 -11 
-1 -1 0 -2 0 -9 
-1 -1 0 0 0 -9 
-2 -2 -1 -2 -2 -11 
-1 -1 0 -2 0 -9 
-2 -2 -1 -2 -2 -11 
-1 -1 0 -2 0 -9 
-1 -1 0 0 0 -9 
-2 -2 -1 -2 -2 -11 
-1 -1 0 -2 -1 -10 
0 0 0 0 0 1 
-1 -1 0 0 0 -9 
-1 0 0 0 0 -9 
-119 -119 -119 -120 -120 -129 
-119 -119 -119 -120 -119 -129 
-119 -119 -119 -120 -119 -129 
-1 0 0 -120 0 -9 
0 0 0 0 0 -9 
0 0 0 0 0 -9 
0 0 0 0 0 -9 
0 0 0 0 0 -9 
0 0 0 0 0 -9 
-1 -1 0 -1 -1 -10 
0 0 0 0 0 1 
-1 -1 0 0 0 -9 
-2 -2 -1 -2 -2 -11 
-1 -1 0 -2 0 -9 
-1 -1 0 0 0 -9 
-2 -2 -1 -2 -2 -11 
-1 -1 0 -2 0 -9 
-2 -2 -1 -2 -2 -11 
-1 -1 0 -2 0 -9 
-1 -1 0 0 0 -9 
-19 -19 -19 -20 -20 -29 
-19 -19 -19 -20 -19 -29 
-19 -19 -19 -20 -19 -29 
-1 -1 0 -20 0 -9 
-1 0 0 0 0 -9 
-119 -119 -119 -120 -120 -129 
-119 -119 -119 -120 -119 -129 
-119 -119 -119 -120 -119 -129 
-1 0 0 -120 0 -9 
0 0 0 0 0 -9 
0 0 0 0 0 -9 
0 0 0 0 0 -9 
0 0 0 0 0 -9 
0 0 0 0 0 -9 
-19 -19 -19 -20 -20 -29 
-19 -19 -19 -20 -19 -29 
-1 -1 0 -20 0 -9 
-2 -2 -1 -2 -2 -11 
-1 -1 0 -2 0 -9 
-1 -1 0 0 0 -9 
-1 -1 0 -1 -1 -10 
0 0 0 0 0 1 
-2 -2 -1 -2 -2 -11 
-1 -1 0 -2 0 -9 
-1 -1 0 0 0 -9 
-19 -19 -19 -20 -20 -29 
-19 -19 -19 -20 -19 -29 
-19 -19 -19 -20 -19 -29 
-1 -1 0 -20 0 -9 
-1 0 0 0 0 -9 
-119 -119 -119 -120 -120 -129 
-119 -119 -119 -120 -119 -129 
-119 -119 -119 -120 -119 -129 
-1 0 0 -120 0 -9 
